8.0 0.3335420213641137 0.26524753688726066 0.35080615346829447 0.15144245570332765
6.0 0.2450160533619301 0.390633121936229 0.2520993452507483 0.11481390207966363
2.0 0.21757099159961807 0.5346336650894628 0.36739859168774447 0.19226649847296928
4.0 0.31813833891747634 0.5561149295762652 0.10700470505122212 0.0727864728222547
0.0 0.43116596718735306 0.6982362293545006 0.2349830147622961 0.1582702843705216
3.0 0.7461608013150259 0.5583112733618842 0.38245238351123967 0.24212181538358213
4.0 0.8694145201482827 0.6355309606821544 0.09882648429616281 0.052890646040509304
5.0 0.7601328107462435 0.37132068988393774 0.31626761422416505 0.1662040569773095
7.0 0.8086972686210844 0.24513363576361638 0.16488757328475345 0.0810524493088795
9.0 0.6836563663092055 0.2733398656710576 0.0731138464281057 0.05102356842297556
