8.0 0.7185189723968506 0.2791669964790344 0.32407402992248535 0.12916702032089233
6.0 0.7777780294418335 0.40989598631858826 0.23148095607757568 0.09895801544189453
2.0 0.7722219824790955 0.554687961935997 0.3314809799194336 0.16979196667671204
4.0 0.6675930023193359 0.5687500238418579 0.09259295463562012 0.06666696071624756
0.0 0.5231480002403259 0.7015619874000549 0.20370399951934814 0.14479196071624756
3.0 0.24259301275014877 0.5401039719581604 0.3351850062608719 0.21979200839996338
4.0 0.10277800261974335 0.6078119874000549 0.08888900279998779 0.046875
5.0 0.271296001970768 0.35364601016044617 0.2851850241422653 0.14687496423721313
7.0 0.25185201317071915 0.22500000149011612 0.15000002086162567 0.07083301246166229
9.0 0.36944401264190674 0.26197901368141174 0.06296300888061523 0.046875
