8.0 0.2740740180015564 0.2734379991889 0.26481497287750244 0.1322919875383377
9.0 0.6351850032806396 0.26197901368141174 0.04999995231628418 0.044791996479034424
7.0 0.7768519818782806 0.2510420083999634 0.15925902128219604 0.08125001192092896
5.0 0.6870369911193848 0.3520829975605011 0.25 0.1333330273628235
3.0 0.7657409906387329 0.5307289958000183 0.3185189962387085 0.203125
4.0 0.9083330035209656 0.6109380125999451 0.10740697383880615 0.05520796775817871
4.0 0.32870399951934814 0.5630210041999817 0.09629595279693604 0.05312502384185791
6.0 0.22777801752090454 0.3989579975605011 0.22036993503570557 0.10208302736282349
2.0 0.24351900815963745 0.5562499761581421 0.29259300231933594 0.1645829677581787
0.0 0.47037002444267273 0.6812499761581421 0.22777801752090454 0.1499999761581421
