8.0 0.2332067609943789 0.3020643440321609 0.32621674910095727 0.17366511456011416
6.0 0.201225811885856 0.4263970828489728 0.2385591178744772 0.1386581971380444
2.0 0.2462600151956017 0.5759189144610948 0.38130316312798185 0.19303248041923848
4.0 0.3494910910443745 0.5817857190358176 0.1189105690905683 0.06778109104366925
0.0 0.5099792117480644 0.69053060689795 0.2810708162019158 0.1732967717399897
3.0 0.7715779197356938 0.5183764633010086 0.33842809660784345 0.23237338646527594
4.0 0.9253857926980861 0.5834832917686075 0.12575860720738175 0.06627005654427831
5.0 0.6525847781317871 0.34080841982418475 0.27441704579029225 0.14542192989467612
7.0 0.7167788180936279 0.23401131249977972 0.18429626786147357 0.10009170303726561
9.0 0.5702204131765523 0.26189693025431043 0.08146363969250925 0.061911410331211586
