8.0 0.1992417349641513 0.30466827537538 0.3639920483896529 0.1843845686901433
6.0 0.19103745655882334 0.4341975955492796 0.2542271347951561 0.14055930709592218
2.0 0.26480108166318994 0.581498978625694 0.3811668637961008 0.21277725026291744
0.0 0.5457660960547858 0.6850274228495542 0.2878004773366394 0.18550609779634963
4.0 0.3519978509079965 0.5901740996069278 0.13024466720627487 0.08140675124126628
4.0 0.9397571775125089 0.5644040864416873 0.12048564497498238 0.0673314901255887
3.0 0.785124708942901 0.5074057355220742 0.3773162591253346 0.24563191209840962
5.0 0.6337382594673693 0.3386494707902078 0.3101686124035066 0.15573830530597071
9.0 0.542249578890141 0.25500529137575345 0.07968522803214606 0.05215242401661149
7.0 0.6952040272197495 0.2232519088209372 0.21963540099298218 0.11214262121544535
