8.0 0.7259259819984436 0.2750000059604645 0.31666696071624756 0.15208297967910767
6.0 0.7796300053596497 0.40104201436042786 0.2166670560836792 0.11874997615814209
2.0 0.7592589855194092 0.5536460280418396 0.32407402992248535 0.1802079677581787
0.0 0.5203700065612793 0.6864579916000366 0.23518502712249756 0.1625000238418579
4.0 0.6768519878387451 0.5718749761581421 0.10740697383880615 0.07083296775817871
4.0 0.08425900526344776 0.6130210161209106 0.11851900443434715 0.05520796775817871
3.0 0.22314800322055817 0.539062038064003 0.3074069917201996 0.21562501788139343
5.0 0.31203699111938477 0.35677099227905273 0.2703700065612793 0.12812501192092896
9.0 0.37222200632095337 0.2645829916000366 0.0648149847984314 0.04583299160003662
7.0 0.21111098676919937 0.2505210041999817 0.19074098765850067 0.09270799160003662
