8.0 0.7351850271224976 0.27760401368141174 0.28333306312561035 0.13020801544189453
9.0 0.3712959885597229 0.26249998807907104 0.06296300888061523 0.043749988079071045
7.0 0.2416670024394989 0.22447900474071503 0.1407409906387329 0.0697920024394989
5.0 0.2500000074505806 0.359375 0.2870370000600815 0.14166700839996338
3.0 0.22870399802923203 0.53125 0.3037039786577225 0.1937500238418579
4.0 0.10185199975967407 0.609375 0.10185199975967407 0.05208301544189453
6.0 0.7731480002403259 0.3973959982395172 0.2111109495162964 0.10312497615814209
2.0 0.7638890147209167 0.5604169964790344 0.31481504440307617 0.1625000238418579
0.0 0.5212960094213486 0.6859369874000549 0.21111097931861877 0.1489579677581787
4.0 0.678704023361206 0.5661460161209106 0.10000002384185791 0.05520796775817871
