8.0 0.7175930142402649 0.28385400772094727 0.29259300231933594 0.15312498807907104
6.0 0.7787039875984192 0.40468698740005493 0.2111109495162964 0.12395799160003662
2.0 0.7694439888000488 0.5562499910593033 0.34444403648376465 0.16875001788139343
4.0 0.6685190200805664 0.5697919726371765 0.10555601119995117 0.0604170560836792
0.0 0.5351849943399429 0.6895830035209656 0.2462960183620453 0.15625
3.0 0.23518500477075577 0.5385419726371765 0.2907410115003586 0.2124999761581421
4.0 0.09814800135791302 0.6145830154418945 0.1129629947245121 0.05833303928375244
5.0 0.3111110031604767 0.35364601016044617 0.2462959885597229 0.12812501192092896
7.0 0.2222220003604889 0.25260400772094727 0.1648150086402893 0.08854198455810547
9.0 0.3740740120410919 0.26927098631858826 0.0685189962387085 0.05729198455810547
