8.0 0.690830484862183 0.26344517515193033 0.2838684496237951 0.1444883243383172
9.0 0.32929583360456693 0.2693135049021802 0.05659509584144046 0.04702292580481171
7.0 0.18648810838923718 0.26519752348747705 0.17097337164987636 0.08857872469999606
5.0 0.291263525917162 0.3615726993665924 0.2692647142541379 0.1448164210897102
3.0 0.23987188555744568 0.5433380803034765 0.348093809912499 0.217635107373154
4.0 0.10993173770377718 0.6300817667936217 0.11536964724196913 0.060149084790730445
4.0 0.6802088993074054 0.5545927567916713 0.10398377889659327 0.05754183030835536
6.0 0.755948125456865 0.3862937406865787 0.23501440505527504 0.11226144160319262
2.0 0.7640605110610337 0.5437686350007584 0.316430928639272 0.1779918541983192
0.0 0.5569433234277099 0.6791741549993755 0.249644809844067 0.16035918176337915
